Message
A 65 01000001
b 98 01100010
s 115 01110011
t 116 01110100
r 114 01110010
a 97 01100001
c 99 01100011
t 116 01110100


Key
A 65 01000001
M 77 01001101
B 66 01000010
A 65 01000001
R 82 01010010
I 73 01001001
S 83 01010011
H 72 01001000

Key: 1100000 0000101 0000000 0111111 1010100 0100000 0101010 0000000 

Key Rotations:
K0: 0000000 0111111 1100000 0000101 0101010 0000000 1010100 0100000 
K1: 0000000 1111111 1000000 0001010 1010100 0000001 0101000 1000000 
K2: 0000001 1111111 0000000 0010100 0101000 0000010 1010001 0000001 
K3: 0000111 1111100 0000000 1010000 0100000 0001010 1000100 0000101 
K4: 0011111 1110000 0000010 1000000 0000000 0101010 0010000 0010101 
K5: 1111111 1000000 0001010 0000000 0000001 0101000 1000000 1010100 
K6: 1111110 0000000 0101000 0000011 0000101 0100010 0000010 1010000 
K7: 1111000 0000001 0100000 0001111 0010101 0001000 0001010 1000000 
K8: 1100000 0000101 0000000 0111111 1010100 0100000 0101010 0000000 

Permuted Choice - 2
K1: 101000 001001 001001 001010 001000 000010 100000 111010 
K2: 101100 000001 001011 010010 100000 100100 010100 000001 
K3: 001101 000101 001001 010000 100010 100000 001100 000000 
K4: 000001 100101 000101 010100 110100 000100 001100 000000 
K5: 000011 100100 000101 010101 010100 000000 001000 001000 
K6: 000011 110100 000100 101001 110100 000011 000000 001000 
K7: 100010 110000 000110 101001 001000 000011 001000 101000 
K8: 100110 010000 101010 001001 001100 000011 100000 100010 

Message: 
01000001 01100010 01110011 01110100 01110010 01100001 01100011 01110100 
Initial Permutation: 
11111111 10011100 10001000 01100101 00000000 11111110 00000000 01010110 


1
R1:
00000000 11111110 00000000 01010110 
E(R1):
000000000001 011111111100 000000000000 001010101100 

2
R2:
10010001 01011011 00111100 10010011 
E(R2):
110010100010 101011110110 100111111001 010010100111 

3
R3:
10000101 11000011 10101111 00010101 
E(R3):
110000001011 111000000111 110101011110 100010101011 

4
R4:
10011000 01101000 10101010 01001010 
E(R4):
010011110000 001101010001 010101010100 001001010101 

5
R5:
00100110 00000000 11101001 11110000 
E(R5):
000100001100 000000000001 011101010011 111110100000 

6
R6:
11010000 01100100 10000000 00001001 
E(R6):
111010100000 001100001001 010000000000 000001010011 

7
R7:
01011100 11110011 11001011 10011101 
E(R7):
101011111001 011110100111 111001010111 110011111010 

8
R8:
10011100 10001000 01101111 11011101 
E(R8):
110011111001 010001010000 001101011111 111011111011 

E(R1):    000000 000001 011111 111100 000000 000000 001010 101100 
K1:       101000 001001 001001 001010 001000 000010 100000 111010 
K1+E(R1): 101000 001000 010110 110110 001000 000010 101010 010110 

E(R2):    110010 100010 101011 110110 100111 111001 010010 100111 
K2:       101100 000001 001011 010010 100000 100100 010100 000001 
K2+E(R2): 011110 100011 100000 100100 000111 011101 000110 100110 

E(R3):    110000 001011 111000 000111 110101 011110 100010 101011 
K3:       001101 000101 001001 010000 100010 100000 001100 000000 
K3+E(R3): 111101 001110 110001 010111 010111 111110 101110 101011 

E(R4):    010011 110000 001101 010001 010101 010100 001001 010101 
K4:       000001 100101 000101 010100 110100 000100 001100 000000 
K4+E(R4): 010010 010101 001000 000101 100001 010000 000101 010101 

E(R5):    000100 001100 000000 000001 011101 010011 111110 100000 
K5:       000011 100100 000101 010101 010100 000000 001000 001000 
K5+E(R5): 000111 101000 000101 010100 001001 010011 110110 101000 

E(R6):    111010 100000 001100 001001 010000 000000 000001 010011 
K6:       000011 110100 000100 101001 110100 000011 000000 001000 
K6+E(R6): 111001 010100 001000 100000 100100 000011 000001 011011 

E(R7):    101011 111001 011110 100111 111001 010111 110011 111010 
K7:       100010 110000 000110 101001 001000 000011 001000 101000 
K7+E(R7): 001001 001001 011000 001110 110001 010100 111011 010010 

E(R8):    110011 111001 010001 010000 001101 011111 111011 111011 
K8:       100110 010000 101010 001001 001100 000011 100000 100010 
K8+E(R8): 010101 101001 111011 011001 000001 011100 011011 011001 


S-box output: 
Iteration 1: 1101 0110 0111 1110 0111 0001 0011 1110 
Iteration 2: 0111 1000 1101 1001 1100 0011 1110 0001 
Iteration 3: 0110 0100 0100 1100 1010 0110 1110 1010 
Iteration 4: 1010 0001 0110 1011 1011 0000 1011 0110 
Iteration 5: 0011 1010 0000 1000 0100 0001 1000 1001 
Iteration 6: 1010 0010 0110 1010 0001 1111 1101 1110 
Iteration 7: 1110 1111 1011 1010 0110 0011 0010 1001 
Iteration 8: 1100 0011 0101 0001 1110 0101 1111 0000 

Swapping: 

Iteration 1
L(R1):
00000000 11111110 00000000 01010110 
R(L1+f(R1,K2))
10010001 01011011 00111100 10010011 

Iteration 2
L(R2):
10010001 01011011 00111100 10010011 
R(L2+f(R2,K3))
10000101 11000011 10101111 00010101 

Iteration 3
L(R3):
10000101 11000011 10101111 00010101 
R(L3+f(R3,K4))
10011000 01101000 10101010 01001010 

Iteration 4
L(R4):
10011000 01101000 10101010 01001010 
R(L4+f(R4,K5))
00100110 00000000 11101001 11110000 

Iteration 5
L(R5):
00100110 00000000 11101001 11110000 
R(L5+f(R5,K6))
11010000 01100100 10000000 00001001 
