Message
B 66 01000010
o 111 01101111
u 117 01110101
n 110 01101110
d 100 01100100
a 97 01100001
r 114 01110010
y 121 01111001


Key
A 65 01000001
M 77 01001101
B 66 01000010
A 65 01000001
R 82 01010010
I 73 01001001
S 83 01010011
H 72 01001000

Key: 1100000 0000101 0000000 0111111 1010100 0100000 0101010 0000000 

Key Rotations:
K0: 0000000 0111111 1100000 0000101 0101010 0000000 1010100 0100000 
K1: 0000000 1111111 1000000 0001010 1010100 0000001 0101000 1000000 
K2: 0000001 1111111 0000000 0010100 0101000 0000010 1010001 0000001 
K3: 0000111 1111100 0000000 1010000 0100000 0001010 1000100 0000101 
K4: 0011111 1110000 0000010 1000000 0000000 0101010 0010000 0010101 
K5: 1111111 1000000 0001010 0000000 0000001 0101000 1000000 1010100 
K6: 1111110 0000000 0101000 0000011 0000101 0100010 0000010 1010000 
K7: 1111000 0000001 0100000 0001111 0010101 0001000 0001010 1000000 
K8: 1100000 0000101 0000000 0111111 1010100 0100000 0101010 0000000 

Permuted Choice - 2
K1: 101000 001001 001001 001010 001000 000010 100000 111010 
K2: 101100 000001 001011 010010 100000 100100 010100 000001 
K3: 001101 000101 001001 010000 100010 100000 001100 000000 
K4: 000001 100101 000101 010100 110100 000100 001100 000000 
K5: 000011 100100 000101 010101 010100 000000 001000 001000 
K6: 000011 110100 000100 101001 110100 000011 000000 001000 
K7: 100010 110000 000110 101001 001000 000011 001000 101000 
K8: 100110 010000 101010 001001 001100 000011 100000 100010 

Message: 
01000010 01101111 01110101 01101110 01100100 01100001 01110010 01111001 
Initial Permutation: 
11111111 11000100 00011110 10100110 00000000 11111110 10001010 01001011 


1
R1:
00000000 11111110 10001010 01001011 
E(R1):
100000000001 011111111101 010001010100 001001010110 

2
R2:
00010001 10000111 00011100 01011010 
E(R2):
000010100011 110000001110 100011111000 001011110100 

3
R3:
01101101 01100111 10110100 11010001 
E(R3):
101101011010 101100001111 110110101001 011010100010 

4
R4:
10111111 10110100 11110001 10000010 
E(R4):
010111111111 110110101001 011110100011 110000000101 

5
R5:
01010010 10100010 00111101 11111100 
E(R5):
001010100101 010100000100 000111111011 111111111000 

6
R6:
11111101 00100100 00100111 10000111 
E(R6):
111111111010 100100001000 000100001111 110000001111 

7
R7:
11111111 11000111 10111000 01100111 
E(R7):
111111111111 111000001111 110111110000 001100001111 

8
R8:
10001001 00001111 00101001 00111001 
E(R8):
110001010010 100001011110 100101010010 100111110011 

E(R1):    100000 000001 011111 111101 010001 010100 001001 010110 
K1:       101000 001001 001001 001010 001000 000010 100000 111010 
K1+E(R1): 001000 001000 010110 110111 011001 010110 101001 101100 

E(R2):    000010 100011 110000 001110 100011 111000 001011 110100 
K2:       101100 000001 001011 010010 100000 100100 010100 000001 
K2+E(R2): 101110 100010 111011 011100 000011 011100 011111 110101 

E(R3):    101101 011010 101100 001111 110110 101001 011010 100010 
K3:       001101 000101 001001 010000 100010 100000 001100 000000 
K3+E(R3): 100000 011111 100101 011111 010100 001001 010110 100010 

E(R4):    010111 111111 110110 101001 011110 100011 110000 000101 
K4:       000001 100101 000101 010100 110100 000100 001100 000000 
K4+E(R4): 010110 011010 110011 111101 101010 100111 111100 000101 

E(R5):    001010 100101 010100 000100 000111 111011 111111 111000 
K5:       000011 100100 000101 010101 010100 000000 001000 001000 
K5+E(R5): 001001 000001 010001 010001 010011 111011 110111 110000 

E(R6):    111111 111010 100100 001000 000100 001111 110000 001111 
K6:       000011 110100 000100 101001 110100 000011 000000 001000 
K6+E(R6): 111100 001110 100000 100001 110000 001100 110000 000111 

E(R7):    111111 111111 111000 001111 110111 110000 001100 001111 
K7:       100010 110000 000110 101001 001000 000011 001000 101000 
K7+E(R7): 011101 001111 111110 100110 111111 110011 000100 100111 

E(R8):    110001 010010 100001 011110 100101 010010 100111 110011 
K8:       100110 010000 101010 001001 001100 000011 100000 100010 
K8+E(R8): 010111 000010 001011 010111 101001 010001 000111 010001 


S-box output: 
Iteration 1: 0010 0110 0111 1011 0011 0100 0001 1110 
Iteration 2: 1011 1110 0101 0100 1011 0101 0110 1001 
Iteration 3: 0100 0101 1101 1001 0011 0111 0111 1011 
Iteration 4: 1100 0000 1111 0010 1101 1100 1001 1101 
Iteration 5: 1110 0011 0010 0100 0000 0000 1111 0000 
Iteration 6: 0101 0100 1101 0011 1111 0110 1010 1000 
Iteration 7: 0011 1110 0111 0000 0011 1110 0010 0111 
Iteration 8: 1011 0001 0100 1100 0001 0110 0111 1100 

Swapping: 

Iteration 1
L(R1):
00000000 11111110 10001010 01001011 
R(L1+f(R1,K2))
00010001 10000111 00011100 01011010 

Iteration 2
L(R2):
00010001 10000111 00011100 01011010 
R(L2+f(R2,K3))
01101101 01100111 10110100 11010001 

Iteration 3
L(R3):
01101101 01100111 10110100 11010001 
R(L3+f(R3,K4))
10111111 10110100 11110001 10000010 

Iteration 4
L(R4):
10111111 10110100 11110001 10000010 
R(L4+f(R4,K5))
01010010 10100010 00111101 11111100 

Iteration 5
L(R5):
01010010 10100010 00111101 11111100 
R(L5+f(R5,K6))
11111101 00100100 00100111 10000111 
